-7370
-9252
-3814
-4413
3947
-3288
-1926
7619
-2996
-9061
-6138
9992
-2556
-8797
-1861
3690
-4585
-5790
-3316
-1059
-6482
-3495
-6730
-9452
-8972
-1579
-8253
1032
-5696
752
8459
-7228
-1092
-976
8715
-3213
8297
-7211
-790
-2820
-2031
7092
6264
-9789
-5970
7506
2180
-8920
7080
-6076
-3598
-2347
-3815
-9354
-2802
-7385
-6831
-4528
4640
9514
-7
3507
-4676
1105
-5106
-403
3692
9609
-2670
-2362
2131
8053
3969
-9049
-4987
-9504
-2554
-5038
789
-6330
-3478
-7629
-3874
-6302
-1441
-463
6973
-6280
3522
1743
-723
2154
8966
4134
-1000
8127
-5244
-6048
-275
-902
6733
-9411
-1166
-8794
-5389
-5186
-4644
6377
1767
-4758
-4451
-5189
-7848
9980
-9603
1181
3691
4311
-3481
-118
-2645
-6114
3222
-2481
-6187
9622
6713
3083
-1255
1360
-7378
6113
-508
-7420
5472
7708
6357
5326
7074
6492
8765
5988
1729
4512
1861
-671
3830
-120
33
171
1085
1382
6785
-8324
8580
2156
-1844
-4405
1478
-318
6696
-6654
-9628
9655
-3042
614
1220
-2849
-752
-8047
-5507
324
-7057
-6527
2859
-21
6959
-1478
-7187
-9680
-3597
-1410
-3357
5528
-2022
-5327
-7905
-4281
-7084
-8052
-5129
1128
9757
-5813
-9168
-3195
-6786
5666
-6187
-5640
8074
9684
-355
-9429
-158
-6887
-3842
-2253
1001
-4287
-8557
-8428
-315
-7654
389
1689
8816
2324
-6647
-3488
7382
-2786
9957
2317
858
-9120
-3398
-4512
-9958
-5120
2477
-1682
-8792
223
9002
-6760
-2937
6756
-5264
-3591
-3606
-960
-9076
-1984
-3075
950
3010
-1535
-8871
-3107
-1419
-1852
-1864
-6575
55
311
-2984
5277
-5077
-8124
-7475
4438
-3207
4937
-3360
8697
-1090
4884
3142
7089
-9573
-1076
-107
1666
7300
-2756
773
9519
-9017
6615
1232
-6698
3978
116
-7201
9454
-7521
-3472
2159
1845
-9557
315
-6658
4191
-7200
7057
-6262
-282
5525
2598
1912
966
-9044
-9692
2135
1870
-6379
-9839
4040
-5063
-2757
-6375
-3283
6356
-4382
-2679
-6080
2606
8135
-5448
-8569
-7423
-7450
-4401
5541
358
7563
-5553
8725
-9346
7239
9558
-7660
-3353
-2363
-5090
8206
3051
-4486
-9018
-2394
-2006
-9785
-3120
-7969
913
-717
8444
7350
-5908
-4022
2326
9495
-185
507
-1401
-7404
564
-6366
-762
-8600
-5646
-5380
-3284
4226
5995
-5091
-8399
-5593
-6371
846
-5533
-7286
583
4882
-7411
-9267
-5414
-2138
-5293
-6233
-3106
-936
-611
2292
-9279
-7017
-9370
6088
1169
2892
-181
-917
-7007
3181
-6228
-100
7307
-8631
3820
-8310
-5322
-3013
8689
6110
-6570
-8384
-8109
5599
-9993
-3116
-9049
-244
9694
8599
206
147
-7354
-8613
-6145
-4843
-65
2604
-5356
6
-3005
-2000
-6932
9692
-4849
-6395
-937
7455
-7810
1387
2162
-5500
8869
-5118
-9814
-6915
-5073
-3848
-9744
9661
-9823
-3286
-9160
-5032
-9576
-3460
3545
-2952
-1769
8698
8828
4385
4004
9205
-9376
-5737
-6968
-407
7289
-7217
2610
-3967
4349
494
7666
-132
-96
-2934
2118
3244
-6217
-4574
-7298
-3132
-7719
-4688
-5887
-869
750
-568
-3376
-4278
1912
-1116
-3315
-1310
-7259
2378
5759
-9565
2517
6272
9505
-4813
2955
-769
-374
218
2866
-136
-8429
-7524
-9331
-5203
60
3341
-2889
-8582
6220
-5407
2131
-2317
-712
1751
-7134
-7950
-4410
-8806
9395
460
-659
-6309
3330
-2666
-5876
8219
-6235
-1116
-4044
-4165
5358
-1750
-8369
1009
8698
-1850
9115
4002
2278
-9828
6840
-4235
-9971
-7326
-8302
-9285
624
-3586
-6377
-9136
-6894
-4596
3694
5176
2938
5001
-9525
-8863
-6692
5691
-3398
-4921
-9510
5646
-2238
-2227
-4105
-6074
230
-4820
-5778
2447
8722
127
297
-9225
-4299
7971
5246
-6482
1475
-8281
2778
-400
-4933
1629
6345
2347
-4718
-9674
-8775
-6612
-9758
2100
3841
-2949
5315
-3357
1436
5801
609
1761
-5690
-6742
9634
9902
1694
6056
-423
-5840
6852
-543
-3045
-7482
-9981
-1827
-1253
8450
-4617
1402
7356
-3390
-4300
1513
-272
-228
2275
-914
-7542
1365
-5264
7880
8291
-5413
-2292
-2857
-7638
-2919
-1403
-9648
-4787
4124
-2742
1541
995
-3237
154
-3388
-9241
-3008
-5752
-6327
895
-9312
5097
2133
-1355
-474
-108
5185
-9883
7761
-3475
-5364
416
-6842
-460
-249
-7549
-6532
-6176
1499
8663
5886
-7257
8960
-5788
-2173
6184
-1528
-8239
-66
6162
9619
-2384
-7036
1356
350
7419
8586
283
95
-5865
1525
-2392
-6427
5363
-2101
1491
1181
-4508
5873
-9160
4529
1851
-3969
-3120
7356
-4893
1260
-5580
7573
8118
-7121
8974
-6354
-3176
-6381
9466
-672
-4994
-7205
-3466
-9550
242
-6808
7339
-2505
-2154
-9843
7411
-1920
7067
7845
-6247
-9926
5839
-299
7136
-8417
-5461
9917
-2746
-6965
-7474
-9547
-7671
-5355
-4491
7674
-7445
2501
-7929
-5807
6194
-7903
1853
5474
8180
-528
1618
-62
-9460
-3686
-2325
3007
-7551
7133
-1975
661
8272
-1517
8584
-8806
-5146
9878
-408
-4359
903
-4447
-9452
7255
7468
898
-7320
-4460
-9128
-2669
-9928
-9349
-9330
-9364
-8836
3203
-3781
-1705
-9430
-7710
-2440
-763
7043
-6667
-3155
8575
-1865
-9803
-6632
217
-315
-217
-7138
3391
-3396
9430
5958
1517
4969
5953
7408
7666
1321
-1183
4099
-4843
5709
-8193
-8456
784
-8173
8903
-4970
1047
7864
-8935
-8325
-8507
2177
-3531
-5646
-7929
-451
478
-696
-5806
695
-4193
-1477
1152
-1725
-2427
-8837
1061
6376
-8266
-7338
-7967
2447
4059
843
-708
-5263
-4481
-5421
7292
-8274
-4440
-9391
6494
-5955
9529
-9618
-1146
5129
-8885
-2415
849
-5045
-1829
-8926
-7535
5841
1669
269
-2540
-8402
-3790
-5732
-3672
274
-6339
7371
3780
-9720
7497
1341
5532
-1091
-3120
-1114
1442
-4572
8301
2199
-720
-6794
-8560
7425
-9712
9409
178
-6800
-9317
7245
-139
-3288
-6745
-3896
1390
5072
-1959
-609
-4262
1778
-6780
2090
9660
-6443
8927
3357
-8657
777
-6279
-4867
1786
-9101
7297
7500
4325
-7397
1164
-6436
2891
-8001
-5769
-1664
-2068
-7723
-5946
-8840
-4074
-3463
-7333
-6033
-8629
-825
-3995
-1382
-891
-9680
-9298
-4712
3825
-9855
4698
-5476
-3710
-8815
-50
-5171
-8739
-5769
6172
-4883
-7985
-9082
9233
-8770
-348
-4325
-5420
790
-1453
-6358
1302
9310
-9799
6369
-8359
-6364
3021
-3506
-4886
-6146
7358
-9450
9886
-7353
-2371
-9226
9617
3921
10037
-4723
2094
-6082
3429
3678
-5554
-2749
182
-121
-6461
-933
-7481
-5526
5106
-3040
-2341
4794
-5815
-8830
444
4926
8588
-488
8768
2380
8883
-1096
6724
-1874
-992
-2931
-8576
-9494
7595
267
-7882
-5187
-5473
-1445
-9525
23
-8581
-7281
-6614
2999
-9262
-7536
-2103
345
-628
10001
500
-5763
742
-5980
-4201
5049
-9601
4683
-8765
7479
-1168
469
-4741
-3054
-2316
-8414
-3990
4670
6764
-8632
-9958
-4396
-9510
1028
-8305
-1506
-2008
-9628
-9039
-9387
1691
-1145
-8280
-3437
-3466
8175
4861
-1966
-2202
-3144
-5667
1050
5099
1524
7231
-9450
4226
-4149
4904
-8362
-6257
8290
-2885
-9521
-2994
8194
-7629
-1117
-809
3702
-9414
-6749
10076
-8012
5375
-750
4115
8640
-1788
7473
223
-5047
-6837
1900
-787
1703
-3848
2302
-6873
-6712
-6760
2586
-1283
-4515
-6948
-9333
6333
-3898
8110
-2601
-308
-8192
-8568
-295
2479
8671
-2925
-4477
6572
-3749
1640
-6067
-833
-1714
-7261
-8663
-4384
-1355
10062
-188
2017
-3219
-1698
4628
-2529
-4208
5668
6550
-9711
-8039
-1751
-6845
2917
-4151
4049
3583
-6400
7759
-5094
-2849
-7512
8216
-445
-9926
2304
3856
-2411
-8490
-3654
6262
-277
-9981
2568
-3205
-8655
3522
-3378
-6851
-1732
-2200
-4560
-9902
-165
-8861
-112
7722
-2390
655
-79
-1336
-3272
6080
8815
-4695
-7742
-2047
-3208
6349
9542
-116
6740
4899
-4881
-76
-9463
-3648
4265
-6997
5255
435
715
-3811
-8065
426
-7849
4423
-210
-1579
4815
-6748
-3525
-9316
-7526
-4831
-2967
-7702
-6260
9121
8737
338
-5028
4931
7067
-8828
9364
2788
-3769
8826
2932
7654
-4452
-8274
-8971
682
6771
-24
1626
6516
-589
-9817
-3117
3767
-9359
-9197
-5283
-1778
2425
-7023
-1083
6823
-1706
-1818
-2041
-9463
-4238
-9366
1521
-5865
8504
-5391
-4044
7532
-4981
-9860
-4111
4138
994
-1563
-3076
-3089
-6400
-2988
8563
853
-4017
3691
-4561
9488
-7663
9592
-1506
-3436
-4866
-2739
7023
-667
-8373
-9959
-8018
-6050
3127
-7818
-8543
-6458
-5722
96
594
-623
7367
979
-8346
3277
-9857
-1485
455
-4473
-7122
1136
-3406
3758
-2284
730
9536
-4351
144
-5158
559
1626
-1138
5087
-3069
-8387
-7380
4946
-7340
7434
6507
-3152
1103
5884
-7301
-5238
-8503
-8571
9755
1035
-5512
-4268
-1546
5483
-354
1904
-3094
-5886
9928
-3994
1124
-1459
-3333
-4097
7065
-7437
-8828
-6469
-6516
1220
2297
-3668
-4686
290
-366
-2333
-6683
10066
-7991
2992
5684
-7780
8380
6341
1054
-8673
1163
5342
-6149
-1229
6116
1361
9961
-4234
3326
4430
-6567
5937
-7065
-9627
9137
-5358
308
-4157
-2457
-4085
-8010
-6701
-3335
9321
-6514
-2364
-3023
8753
5805
-3615
8704
-1314
-2777
-3967
5428
-5434
-1865
-7735
-5114
-3059
5715
-7986
6199
-7857
-6060
7737
1544
-1261
-1093
-5416
-9996
-4044
2539
847
-8034
278
964
-9256
-9719
-9581
-905
-2640
642
-272
-6124
2016
-6289
-6669
1911
-8367
-1117
-5523
1194
-2922
788
-5214
-7834
-2619
-12
9858
5416
-285
7872
-6053
3799
7407
2994
-9423
9354
-3859
-4459
-3190
-5826
4922
-7140
-2926
-3318
-893
1441
-9599
-8007
1408
8617
9040
-2908
-3813
5864
-1425
-3754
-1141
-7699
-8539
-6105
8577
-6482
-308
2082
7467
-8029
3443
-7028
-4467
-2367
-9383
-7244
-8445
931
-6765
6306
9203
3892
-2616
6456
-1840
-135
-4354
248
8952
520
-2948
6208
-2014
-1339
5205
1249
2085
-4683
-8367
4725
7313
8535
-3548
1646
4036
-398
3670
-9856
7073
-6260
8505
-9848
1975
-5500
-7679
9230
3021
5259
7502
-7493
-6874
-919
-7402
5199
639
-7435
-2743
-3848
4203
-594
2480
-13
-9945
-6862
-7397
-927
2444
-7910
1467
8001
-9720
60
2765
-8864
-6825
-261
2291
-7198
-6149
-8525
-5004
2857
179
-6160
-5768
-9941
6589
-5277
-690
-7777
9804
-378
813
-7982
1271
8619
-2287
-8306
-5505
-3430
-1456
-1757
4949
-226
6550
-1189
-8233
910
5111
-9113
-6929
-3090
8907
2522
9254
-9980
9341
-8579
2901
-5137
-4690
-7047
9174
-4699
-8417
-3541
-2172
6428
4818
-4078
275
2016
-7060
-7985
3840
-115
2649
-7395
2125
-4717
-9537
-1979
-2268
-5997
-2803
-4996
-7294
5777
-8355
8173
1104
-640
7087
-6094
-1525
-8721
-8390
-8024
-6178
-5136
-8025
7579
-2721
-4534
-5437
1383
-3055
-6524
-6165
9555
-467
2693
-728
2329
-3422
-8053
-6648
-6223
-3494
-8201
-3226
7458
4420
-1529
-3941
-6812
2051
89
3418
-1543
-7153
4113
7896
-308
-5787
-3007
-976
1438
-1381
5979
-1529
-9068
2324
-6595
-1306
395
2814
3918
-4228
-8276
6965
-2659
-3877
-9787
-9302
-3095
-5704
-4155
2485
4797
8631
-3386
656
8037
8109
-9770
429
-5835
-6295
-6372
-7393
1276
2035
3359
-263
-9181
7125
-2738
4275
-2764
-9917
-8300
-3828
-6278
-2541
-8835
-4981
-4083
6223
-3202
-9557
-3831
-7521
-6482
-3205
2385
-1304
7138
-6844
-7281
-2877
5758
-211
-7336
2561
-9845
9196
5934
1961
-8438
590
-3927
-9840
6536
-8069
994
7750
-6802
-8712
-6688
8615
940
-2564
3235
7130
-7971
-6458
6987
5730
-9971
937
-3543
1666
-4110
-9669
-4777
-4229
-7546
8562
178
-8264
8285
981
-6382
-8135
-4299
-7044
-3759
4803
-4913
8441
1344
-3963
-7427
-6886
-5008
-4816
8701
-2931
-4181
5330
1664
-5144
-8456
-4109
1311
6503
-6953
7837
-4174
1680
-9685
-8378
2674
-8499
7141
1415
-5827
-6629
5280
592
7096
-628
3482
-4295
-1260
-9821
-6432
-1052
-4429
839
-288
-6394
-1428
4745
-5018
-4909
-5202
-7772
6981
-714
-1982
471
9074
-7141
9204
2764
8059
2611
3672
-6820
-3908
-4170
2513
6975
5078
-244
-6878
5008
6493
-1204
4009
-9986
5841
-2879
-7307
8212
9168
-1936
-4415
-3702
-5884
-6137
6749
2634
-1420
-4476
-2167
7244
-8127
-5991
921
464
7694
-7369
-4147
-1900
599
-1988
-7857
-3481
-6076
7074
770
6984
-9503
-3110
707
-3822
-8669
5011
6032
4127
1164
2535
6946
-6153
4761
-6337
5081
1876
8735
2417
9789
-3585
6396
-3284
-4780
-3171
8596
-7151
2102
-2751
1922
6963
1268
3231
-510
2180
-8835
5643
2502
4866
7219
-9373
-3788
-1012
-4290
-9002
842
-2408
2957
8059
-392
9098
-3620
871
-3222
-7096
2307
-3362
1767
-803
-9200
-2026
-3590
-4286
-359
7566
-5225
-8420
2897
1280
-1757
8070
-3880
606
4202
-8239
216
1156
-1688
-1068
-2739
1717
-4925
-7003
-8156
8982
-8880
-2847
-5501
-4637
9659
-3097
-647
-2449
-3555
6950
5918
-7136
392
4699
-932
8714
-7519
-6303
-3934
5030
6423
-2455
-488
2296
-3737
-7096
-5184
-1894
-7468
-1515
-8131
9107
4997
-709
-9595
-6997
-1931
-3730
2844
2914
6485
7959
-9051
-5542
4162
2830
455
-8292
-8024
9964
-6590
-5073
-6623
2353
-9945
577
-8152
6702
3471
-5460
-4441
2082
9550
2918
-3848
-2018
2226
-6084
2309
7487
6433
-8093
-3717
2404
7013
-8255
8356
-2179
7240
2510
-3680
5982
865
656
-2446
349
-1624
-4633
-4843
5586
-670
-7303
7317
-9340
9855
5400
-6641
726
2984
-5841
-6059
-7006
-79
-1911
3593
-4653
-524
8683
-876
6640
-5388
-6495
-2063
5
-8036
1869
-4880
452
-2356
-656
-3559
1657
-7713
-3587
2183
-1383
7930
-8021
-1873
8995
-5741
-2819
-8260
-1446
-9484
8029
-3500
-6744
9995
-9012
-630
-1495
-2431
3364
-5249
-8412
1569
-4756
4229
1832
3772
5734
-3313
-9485
-6735
1223
-8718
-9704
3556
-970
-439
7760
-8676
-1876
568
-8387
2833
-5929
-1576
6201
6086
9345
-1189
-4608
8216
-9003
-7617
-3443
-7406
-5507
-621
-3885
9878
971
-654
-5500
-5895
-7846
5425
-4534
-6173
1069
4933
-3935
-9627
-3504
-7903
640
-6741
-3057
-4119
-9412
3919
-9342
-6655
2094
-4137
1595
-245
-8062
9383
-4618
-8181
144
1153
-329
-8933
-647
2543
-1205
1199
-9087
8107
-4440
6912
9325
3494
-6037
-5149
-9344
-4106
-9722
-2044
-506
593
4700
-8878
-9477
7530
-9875
721
-3636
9465
245
-5417
8350
7732
7458
-1033
-2549
5035
-7403
2513
-3456
5336
-1489
-1564
-3480
1394
-3445
-6296
366
1939
1227
-3072
-5668
-5774
-232
6473
-1987
1909
868
-2702
4536
-972
-1294
2383
-5051
1988
-7399
-9874
-7791
3931
2240
-8180
-8050
9493
-962
-7193
-9363
-1791
-7640
-4590
5033
-5329
9948
-7220
-1783
-3371
-712
441
-8150
2734
7982
-793
5124
-2047
-7813
-3985
-421
3437
-5217
2659
-6323
-4831
-4772
4027
-5388
9098
-5660
6626
3767
-5771
8798
-1960
8169
-7324
4676
-9010
-4533
2738
5715
5792
6940
-3921
-8499
-638
3069
-5625
-8297
1291
-8170
6599
-3769
-3256
8077
-9419
-5901
-182
-5637
10081
7592
-1342
-1268
-1796
-4954
-754
506
8813
-371
2539
-660
-1123
-3869
2001
8141
292
-7592
-6852
4715
-9878
5198
-2662
8912
5504
-2285
-3840
2831
-6614
-9219
-5471
6253
3007
9746
-1296
63
-7628
-9719
2864
-9435
-1820
2233
-6764
6593
2129
-7821
7496
-7035
-1738
9929
6780
5141
2912
4776
-9601
-2114
-8513
652
-7816
-5600
4797
-3566
-7389
-9845
-4146
-2266
-3374
-6509
196
-7395
-7789
-8014
-6415
-4773
-7509
-6912
867
-7666
7518
-8421
-9715
5931
-998
831
-3581
-7762
3367
6204
6061
7101
6926
648
-2686
-8391
2498
4129
-6095
-3334
7889
-6316
8164
7516
2220
-9239
7242
-6
-2785
-1410
-5879
-8007
-8709
-3134
-5936
1033
-3436
-8128
-4357
-921
8049
-8835
9842
4902
-2773
-4594
6964
-8213
1638
-7050
1951
2563
8022
9282
-5849
-564
-3361
-9332
-6396
-9073
2381
-8700
-153
-3847
-2543
3799
-8157
-3608
9410
-9780
1273
855
-7101
-9638
-6480
2639
5828
6780
-4372
-1089
2029
4819
-213
1622
-1849
-344
-438
-9978
1301
-4625
-299
-1865
-9438
-1078
-8411
1503
904
2835
-1860
6482
2316
-6465
7589
-2418
-4207
-1132
-7271
-3127
-6865
-1261
6617
-3015
-449
-5248
-5748
-1411
5005
-8881
-8347
8323
5817
6232
-3098
2532
-4735
-5335
-3217
-5773
-9031
4419
2480
-6450
-6807
-8756
2462
-8559
-9151
-8455
210
-9956
7654
4395
-1375
7141
-5933
1088
-5274
4086
-4724
-1281
-991
-3122
-5851
2177
-683
-4683
-7839
-8862
-3746
-4561
8608
4015
8762
-1307
3250
-8752
2321
1640
-595
-958
773
-9530
-4545
-9476
-3092
-195
5123
-3483
2662
4044
8890
-6529
-6865
6129
1878
9670
462
4128
-7013
-2877
-5846
46
-3945
2207
-4108
-9320
-4140
-6784
4517
-1122
-3886
1227
1875
-5553
-9292
-6955
-5021
-2602
-9291
-3151
9385
-9724
-9233
665
4665
-2193
-1372
-2213
-8839
-849
-2921
-4731
891
-9750
-2172
4698
7818
-767
5431
-4816
7427
1454
643
6221
-9625
6351
-9317
-3593
40
-8262
-8996
-2318
-1704
-4561
-8166
1555
-7718
-9128
-9226
3227
-7686
-8584
-8627
-636
361
-7186
-3104
2212
160
-7791
-6332
1830
-9650
1459
6075
9364
-4124
1466
-4886
1333
2419
-3097
-4900
4967
-2263
-7466
2978
-1098
8769
-6218
1344
-7360
-8440
-4369
-1132
2296
-212
-8769
-4094
5460
-6419
-6815
-6692
-6103
-6089
-9054
5077
-8983
-5379
-1878
1801
2514
3933
-1437
8736
-8230
-1610
-6794
7919
-3131
2193
4487
2276
-1902
4411
4017
-2603
560
-7449
-6545
1492
7971
3849
-8589
-8078
-6267
-543
1297
-5704
2196
5593
-1771
-6058
-9189
2189
6855
-765
-5615
-9557
-2921
-4124
3223
2048
-7471
-5174
-1309
-6980
-7631
-2173
-7950
-6847
-3068
-8501
-9507
-6627
-3116
-4753
-2444
-3206
520
7131
733
-7784
-6127
7870
-3511
-9413
6540
-1797
3554
-5839
-8244
-3464
-7836
-3549
-2648
9567
3963
-2750
-7802
-3580
-3833
4455
1273
-3774
-3001
2271
5379
-5585
-46
-5349
-8447
-1641
-4986
-4380
-4313
-220
-4686
6783
-5827
-1174
-7163
-5653
3483
-9985
7035
4278
-4978
-6783
1042
-800
692
7608
946
2808
-7452
4517
-6858
233
647
929
7384
-7686
-3439
-7724
-6685
1379
78
-897
2458
6023
8676
-9158
1219
8079
-1147
-8336
-5726
3025
-1263
-5219
-8186
-4654
3015
650
-1975
-6879
-8242
-5668
-7068
1890
7287
-980
-2862
-4672
7107
-2940
1594
-5431
-6363
5800
-3506
-9989
259
-6697
2035
-5326
-2033
-5202
29
-1252
-8915
-490
6414
2605
2877
-4257
-9086
-6007
9396
-1719
-2402
1282
8141
-1481
-6651
2826
4242
2570
-9270
813
-606
-5236
-4601
-5758
-3534
6943
-3127
-6641
-3758
-7002
8515
-6705
-8212
-3362
-3336
-600
-8033
680
1591
-7719
-5218
7525
-6612
221
-5873
2092
-9018
9734
-6515
-4786
-2976
-5431
3028
-8178
-4580
2367
-535
3711
2075
-1733
-7231
-9423
3148
3
-7840
9949
-2292
-539
2819
8653
-1630
8632
-97
136
4437
-5207
-2985
5234
-3126
-8100
2614
-9282
9028
-9162
-3907
-2266
-561
-6171
-9547
-9894
-8530
-2196
-3080
-5684
3719
-4769
5776
-526
-3060
8594
-6558
-1748
-1397
-817
701
-9062
-5534
3727
6811
-3727
3565
-8269
5668
-847
312
4130
-1676
-3546
6510
7196
-7010
-3289
-3128
3019
1644
-5810
-1350
-3434
2938
-5240
1745
2375
-4540
1202
3145
-703
-4616
-1261
-2149
-9812
8938
1804
-4638
-210
-3252
-3425
-2796
-6608
366
-5492
9656
9089
-5203
8255
9783
2166
-9933
545
-2130
-4917
-8922
-5629
2322
-3908
-4292
1858
-8049
-5308
6621
-3510
1219
-4946
-5306
-9414
7815
2432
-3383
6257
8850
-4719
3142
-5718
-1934
-5310
-6812
783
-711
-4327
-3371
-8779
43
-9686
2092
854
8861
-5096
-436
-7725
-3782
-4756
1139
-6104
-8916
-9028
-3774
212
-9965
-7732
-6769
382
-1156
-9106
-8848
633
9974
5638
-2725
4992
-102
-6057
-3887
-5004
-7431
716
9732
-1566
-3531
-6155
386
574
-6524
8822
8130
4644
-2919
767
-1312
-9662
-6956
3134
1211
2756
-5992
4068
-8055
-3622
-2825
-1039
-9207
-4744
-1628
6888
4147
-6725
-2982
2537
-453
657
-6992
-5110
10075
-2960
-2377
1915
845
-3432
-4138
-866
7981
6523
3730
9589
2368
3995
8380
5281
3977
-2628
-4528
-6987
2045
603
-744
6757
-3197
497
5798
-9052
-550
-2486
9161
2553
-4257
-9775
-8802
2338
-2900
-5649
7202
-9155
-4318
-679
-2283
-5351
5178
-1302
6048
-4916
1016
-2569
-330
-263
3391
8609
-5682
-1925
-3766
-1398
-9583
2345
1511
8313
10059
-6677
-1883
-5819
-9093
931
2002
-8306
-2107
-7154
1751
-7481
4900
2656
5411
-1883
3858
-8562
-2323
-7161
-9723
-8101
-3115
-6239
-9089
-4661
5134
360
6391
-6254
-5267
1278
-8710
-6137
-3934
-2111
-3041
22
-5546
6378
150
-712
-946
-4695
-8956
-8861
-9470
-4818
3674
-3057
-414
-4155
-7562
3594
-5820
69
-3725
-7542
6746
-1293
-9967
-1638
-2191
-5952
1197
2811
-8596
-6369
-9133
-2268
956
-9767
-3763
-5803
-6129
-8201
-8950
-944
5230
-526
-7621
-1162
7780
-6370
2133
-3034
-1378
9987
-2565
-6690
-2381
-488
-7769
8027
-6403
8246
5405
8676
4491
-5944
981
639
-501
-426
1076
1307
-6872
2184
6256
-6582
3296
2255
9612
1772
-3596
-8459
-3353
-4508
3049
-7117
-8229
-8352
286
6709
-5494
-2303
-5352
-460
2193
-7957
-3970
-591
6386
8910
-2229
-8007
-3296
1459
2193
1478
8834
2562
-4255
-1230
-7808
-4968
555
2625
2300
-3868
2464
7748
1884
8270
-79
-8270
-7549
1456
-9658
-4682
2397
-8894
337
-6864
237
-3797
388
-5396
-6586
-1867
-3487
-2271
5130
-4452
-2046
6147
10100
-2018
-6532
-9642
-6051
4310
-1570
4381
10057
6206
5478
-8191
-4272
3743
-5480
2448
-5566
1163
-7929
-6085
-8041
-7732
-3772
5733
3586
1753
2849
-2946
-9778
-4673
-5305
-2139
-2271
-3276
-8573
6320
-6712
-1066
-7528
7334
8928
-6566
1219
-3190
-2498
486
-9583
1214
-8055
9588
6840
-1612
5049
346
9097
-9480
2317
-7486
969
5833
-6637
-6892
7867
4239
7764
5236
-5707
-349
5514
140
-7324
-2494
-8976
-9895
-7844
-5337
-7660
3507
-1602
4250
1022
-6374
5724
3466
-8564
-2835
1625
-1508
-2642
8220
-6411
-4256
-5463
1224
-4001
9755
-7728
4234
-7896
7596
4458
-8911
9290
-7453
-577
-8625
1844
8530
-3684
5549
8222
-4598
5345
8234
-9349
4122
-276
2882
-6323
-4679
-3651
-9087
-231
-8400
467
5496
7613
-9804
1510
4511
-6555
-2275
-1876
-805
9288
-8212
-3311
6775
9046
-8095
-5865
381
1341
-4730
1144
7374
4396
-4404
-7918
-3727
-7592
-6104
2414
7980
-4019
-9055
-6053
204
2527
8771
-2213
1499
-7325
-7052
-1881
2233
-3225
-8891
-1859
741
-9027
-951
6877
-4539
1571
-8733
-2793
-4820
-4892
-6505
-181
4776
-1130
-6811
664
3511
10008
-3178
-627
8189
3020
6833
1397
8037
7104
-632
-4849
-8333
317
-4393
1916
-2479
-6784
-3345
1954
-5960
-3111
9755
4
-6804
-583
-3377
-9890
3983
1409
-8246
-770
-695
9977
-127
2342
-1759
-4468
484
-7678
1505
-7820
-1976
-1600
-7247
-9661
6925
-6629
-8866
-5728
-2887
-1982
-7042
4966
-8956
-6408
7607
6964
-6416
-2929
3277
165
-7875
-1304
-3430
4860
8906
4724
483
-3800
-5055
-6337
-8443
-2931
8219
-3853
-998
-5502
8390
8417
440
-6612
-7018
-7179
-4689
7634
-7405
9553
-3531
-6835
1614
-7115
-7034
4875
822
-7902
-8382
-3159
-1974
9791
8055
-2014
-583
-4357
-4378
-1390
9320
-7057
4950
-624
-21
2451
1406
8354
7651
388
-5246
-3679
685
9414
781
1819
-5018
-5628
-8085
2100
-8822
-4506
-7062
1416
9341
9550
-7175
5649
-7885
6268
-7366
-378
6297
9612
6158
-1049
-1684
-3711
-5161
-499
-761
-1854
-8799
7017
-1863
7462
-6685
-3034
-3313
4055
-7520
-9799
8243
6928
1092
-5475
2621
-2586
8084
-1426
-1526
5900
-3163
-1663
-3051
643
-790
-1006
1710
8435
-6277
-1422
-8330
-9745
-9182
-2530
-2908
2999
-8216
-6040
4663
3561
-4527
7699
-1652
-172
-6153
-7047
-9232
3164
2411
711
-2759
-7316
-5553
-3338
4676
2332
-5620
-5226
-7652
2212
6146
-25
-5737
9819
-9665
-2473
-8628
450
-8891
-1668
2242
-9216
7965
6605
-2559
-4856
-8286
-737
7055
-9750
5814
-7266
-487
-2578
9188
6785
-7159
1709
-2265
-6647
-362
1130
6938
1761
1736
-1730
-7266
6429
-8551
9358
-3817
-810
-6880
-7441
49
-6036
-2183
-8586
-5391
3997
2412
-8739
-5746
-117
7703
-4265
1790
-8298
-1957
-2324
8930
9189
-8568
6284
1003
-7818
-3594
-6285
-5411
-7192
-8323
-8480
-8692
-4077
-837
-3080
943
1281
990
-2475
-243
-3861
-4224
7421
-7649
1921
-6762
8562
-7208
-9774
-5357
7603
1111
2998
-9767
-3644
-9449
-9303
-1143
-6737
933
-2603
859
-5747
-9140
-8405
-5136
741
-9777
-3312
-2414
4354
1688
288
4145
-4078
5650
5276
-2936
1663
-9593
-8024
-2530
-4804
-9151
-9473
-5005
-2450
10070
4743
2404
-7607
-7512
-4649
-8421
-5174
-6146
-2650
7851
9730
-8279
-1888
2316
-1738
-5558
-5947
-2849
995
7950
3669
-3627
6217
-2879
-3147
-5916
-6700
-1227
-680
-6216
-1213
-9152
-5233
8063
-6780
9101
1157
-1494
5363
-3387
-357
5718
-9204
-7706
7742
-3296
-1735
-68
-6313
-2442
-9927
6844
2618
2907
5657
5295
8432
-2354
3394
-9366
-1223
-1249
8975
-5245
-5171
44
-5971
-1427
-1305
5222
705
-5031
8708
-5677
-7343
7356
-2840
1226
-9503
6810
-9245
862
-2473
-9153
-2867
-376
1201
-2838
-7064
-5955
-4405
3975
2863
8961
1943
-4671
-567
-2205
-260
-2431
-5892
-708
8449
-7474
-2578
-108
-103
-1723
-4820
3171
9448
1036
2801
-4610
-4204
-2867
-5978
-8638
-6043
-5336
8101
9641
9156
4395
2370
-5306
4272
-1614
-3705
-1272
-6455
-3863
-2101
-9835
8442
7264
-2593
1281
-1498
7853
7441
-6189
-8810
-1353
-4854
-4928
1956
8831
7484
-7822
-4618
9617
-6099
8556
-3102
-1283
-2314
-4251
-7404
4847
1309
518
-1961
-7211
-7834
-3497
-1680
-602
732
-4488
-9268
-5731
3744
1169
2754
-4918
-8144
6667
-1315
-7804
-2018
-7423
-3278
-1724
1930
-4623
-4351
2224
993
6072
-3696
-4961
1279
-1091
-781
-7711
-6063
-6681
-4294
-5808
-5125
-26
-7087
-5064
-3749
7414
-4315
-4240
-7690
-3000
-4600
-7295
1108
-7723
-425
-5394
-1212
-7139
1237
-8981
-900
-9179
-2965
-5767
-6710
10008
9819
-4806
-8168
-7627
1041
-5889
-8906
4787
2676
-2380
8921
-1301
7052
-4032
1763
-8739
-4514
-8671
-3489
216
5426
-2890
-2847
-1306
-4807
333
-9387
-2657
-5782
-9961
-9231
2556
-6693
-4348
9401
7211
1986
1130
-3944
-7097
1154
1579
7571
-2075
-6594
-2063
-1419
7475
699
2825
8408
1776
778
1600
-9749
-6241
3688
-4350
-3602
9231
7266
2342
-2677
-1574
-7240
3702
-3646
289
3988
-7769
9643
5642
3651
1860
2583
-5190
-5377
-6228
1977
-9038
-8104
-9889
2871
-8441
10025
3395
-2715
-5823
-9043
1582
-3750
-8244
5645
-4536
2337
4890
1986
8104
-9803
-1651
-2484
-8465
-7822
-8480
-5894
1970
-6169
-2081
5030
-1782
-8392
-9155
-1027
-2472
-9462
6148
-2859
-7081
100
-5970
844
-6904
-7777
-5420
-8525
-1227
1072
-5483
-3902
-6589
7465
9817
-6977
-1826
-2301
5054
-7171
-996
-7014
-2498
1772
193
-6791
-1588
2560
-4728
-8360
-6961
-3241
-7127
4323
334
-4841
2083
8637
1406
-469
3974
-3131
7878
-2955
5501
6552
-7971
-3551
-9319
5719
5758
-767
-3684
-987
-1746
-5352
-8843
-7041
8246
-4842
-3032
-9431
7248
-4238
-9502
-9111
270
-4784
-7108
-4032
-76
-5464
2279
-1053
3208
-9819
3440
-9587
-624
-4277
-7462
-8837
-6386
-1566
7918
4771
-9043
-6653
77
5218
2533
406
2392
1414
-5398
1020
-9558
-5751
-8249
-1599
-538
-7508
-5529
8839
-5125
-8163
-8126
9895
-5047
4371
2394
1791
2227
371
6868
84
6442
-9587
-1261
-9628
-4873
2586
-3511
3144
-318
2421
-9452
2224
-5341
1860
7925
-9168
857
-4590
-8833
4738
-4875
-1286
5612
-8523
1455
-7633
6169
5385
-160
9556
-9035
-462
-6920
-6677
3277
-1783
-112
-1489
-9268
2281
-1901
1537
-2654
9049
4613
1829
-399
235
-4936
-8582
-2087
-2716
-6403
-4236
-6184
4892
-7483
-6421
-331
7592
6011
-1387
-2649
4023
-2415
9813
8130
-5707
-2751
-5580
4043
-7101
-6940
3631
-9328
-3909
-3229
-4431
-9176
-4565
1194
2142
-6172
-784
-9168
-5216
-6013
-9564
-962
-8759
8613
9385
8113
-9521
-4866
-8402
-4341
-9282
-6692
8767
-5060
-2384
10035
-986
-9361
-9596
-8782
-9299
-5254
-2190
-8962
9163
-6052
-9768
-7422
-9606
-452
-6647
-5946
8213
-7363
-6949
-7234
-3244
-9175
-8328
8757
7264
-8431
-8258
-6531
1754
-9437
1180
486
-6821
971
785
-6908
3047
-2845
-8844
-2717
385
-280
3940
-854
-6205
-2999
-5078
2314
8758
-1175
-3798
-3723
-6416
1671
-1114
-7006
-880
-1965
5212
1820
995
6563
1039
7645
-5216
-590
-2338
2651
-2248
2122
9525
-8000
-8030
-9974
5004
5429
-7916
-9479
-9075
-5441
-3120
-1296
46
-7890
-3897
2044
-5406
-9280
-2928
1268
-7151
-1517
-3053
2391
-8435
1520
6721
-1863
-1046
-335
2657
5079
-3389
8564
759
-6694
-2470
-5359
-6854
-386
-6461
-2481
-1109
-7702
-9601
2647
5663
-3919
-87
-4760
-7774
-4062
1140
328
55
-2696
541
-7412
520
7323
-5828
-3743
58
-1233
288
2410
-7874
1025
-4784
4644
-4882
892
719
-9450
-2929
-9708
670
-820
-4031
-2108
-8829
7559
4629
-4362
-6903
-4557
5783
-1763
-9139
-3175
1979
-4239
-2709
-4138
503
8198
-1693
12
-6849
437
-9211
-3118
-9209
-4192
-1601
6147
-4796
-5241
3098
2423
-8720
993
-1790
1413
-4576
-8149
1628
-8403
-5386
-6272
9498
-9729
-7133
-6427
-3087
-8966
-3473
627
-7802
572
-5685
-9712
-2962
2318
-4025
8455
-8945
-3337
-1524
-9105
4849
4301
3075
-3792
-8785
8907
2331
219
-3733
543
-214
-7243
-6900
7335
9224
-6100
-6566
-3794
-8982
-9553
-8432
-9109
172
-2118
545
825
6269
9567
-8753
358
-4421
-9744
4782
-3676
-7118
-8230
-8318
2106
-8499
-595
3780
5246
4589
-1420
-2635
9719
-9811
1375
-3154
-2970
-2784
-170
-5997
8707
-3426
-6556
-9946
1596
-5147
-49
4740
8119
1938
187
-8746
8951
7755
-6782
-8813
-6454
8694
-3367
-5010
8357
-7801
4325
-1767
-2605
9576
3756
-6031
-6396
-9751
-2418
2967
-8484
-1686
6326
9340
-9728
332
-2176
-2253
-3768
-3617
1524
-2817
6687
-5871
5598
-152
-939
-2468
-9486
3185
3839
-8886
-7008
-7612
-9298
9332
2491
-3916
2677
1032
-2546
-4965
-9747
3687
-6064
-4433
-5524
-6537
6041
-2574
-5882
-2854
-3774
-2653
-9213
-3370
-3704
897
9414
-3886
-9680
-6954
7542
-5251
7394
-4940
-4626
540
51
3967
2578
7498
8305
294
1049
-9912
7772
-6201
5612
-2244
-8002
1846
3929
732
7379
-9015
-740
-7966
-2259
-1690
769
-8928
-8522
-8284
-8340
-5792
-189
-3209
2547
-4311
-68
7888
-9513
-2068
5729
-8624
200
-1178
-5376
-6840
-3232
-562
801
-747
548
-2389
-1212
1800
-8510
237
6899
4140
2425
-4225
-2128
-9501
-2094
-6855
236
-6001
-9048
-3998
6656
2480
-4067
-6723
-4600
-2543
9703
-377
-4629
-5432
-9553
-507
1892
-3561
-674
-7673
-4413
-4647
-3619
-9643
5381
1353
-3691
1862
-457
-9705
4242
-4896
-2034
-8818
-9742
-8559
-7004
6837
6993
-509
398
-9743
-3249
9066
-8381
6336
-6965
9257
2224
6074
-1189
5691
3832
-5563
-6048
-7471
-7799
-4140
-4819
-5060
-2808
3798
-9591
-887
-7726
-1283
5063
-6532
-1709
-5420
859
-5113
-4325
-4990
-3460
-5540
6195
-4295
-7401
4984
-6612
-3961
18
-5617
-2166
-6563
-1231
-8657
-3549
-7986
-5830
7457
-4425
-1772
5668
6288
-7594
89
-9606
2284
-2637
-1240
-3293
-4335
6357
10061
-5304
-9948
2649
-189
-6144
-4418
4486
7828
2028
2125
-1635
9002
-5585
1842
-6140
-5183
-866
2491
-2560
237
-9909
-6872
-319
-470
2052
6825
-1172
6954
-9839
-9623
9447
6863
-2791
-1273
5860
-7580
-4129
7749
1622
8410
1984
-4165
9319
-5597
1223
-6480
2901
9913
-3903
-7839
-3078
-8997
-8730
3758
-5174
9352
-4404
-2570
-7774
-1566
-1271
5462
-649
-2283
-2329
-5798
1524
-2911
-3541
7763
-9388
-7065
-501
-3293
-6787
7782
-4126
-3105
-850
-4043
-3317
457
4053
-3734
477
-7850
-889
106
-9813
810
-4345
9704
-1536
6945
553
803
-7028
-5166
-8766
1540
7884
-207
-89
-4803
-9950
-5434
8858
-3732
-2970
-8300
-2105
-2116
-7319
4302
9783
-1506
-1901
-7433
-4692
3296
7453
-9992
701
-977
-2228
-1261
4275
-3057
366
4683
738
-9580
-8677
-6873
2415
-8466
-8321
-4490
8152
-3013
-195
792
4295
3173
6713
-7512
6089
-8052
1275
-3244
1503
-9238
-650
1977
7410
-3250
-8862
2541
-3153
-9262
-8058
6910
907
-1826
-7660
2172
-4143
-3069
5629
-392
-8348
5996
8525
-8156
717
-9687
-3869
-9819
-1363
-9045
-3845
9018
-4917
-4703
5938
2099
1982
2638
167
-5498
-3127
-5131
8620
946
1636
-4127
-9455
-6411
-9850
-519
8072
3096
6373
-6024
3968
-7282
-5631
-1258
4190
-8819
8986
3732
3442
-8863
8846
7933
-2395
2597
-6055
5932
-2426
-871
165
-2674
716
2496
6411
-8284
2296
-542
-9689
-4643
-6654
-3821
2051
8938
8892
8864
4633
-4429
-8194
-9309
4651
-6974
-5047
-2143
2129
-4986
76
-805
-918
240
3295
-4623
2041
9878
2251
-6305
-5591
-1735
-4931
-3321
864
6712
-3740
-1998
-5017
-9913
2406
-9455
-6870
-6008
8000
184
1803
-1087
-8080
-4030
-8122
-3500
2169
1690
-6000
3633
8478
-7342
-7073
6939
2074
-6947
6133
-2524
3654
7473
-9126
3473
2049
-8889
2489
-608
367
1086
1391
409
-650
-7663
-2462
5529
-2740
-4611
5012
-9510
-4828
-9289
-3469
8809
-6613
270
-4476
1567
7201
380
-4729
8433
-909
-1122
-7752
1648
-1584
4890
-9957
-9986
314
992
-6915
-3465
541
1529
2644
-6061
-2231
680
-7211
-1868
1206
-8473
196
160
-7063
-7571
-2929
2233
10046
-1008
-3059
-487
1834
3354
3632
-2211
3897
-2845
4549
2910
-3665
3524
-8310
2731
-3313
-9425
-9070
7669
-5308
-6003
-956
-8617
-4981
-4991
-7893
-794
591
6573
2216
8418
-9378
-1062
-5586
-8908
3556
5614
-1322
1761
2325
2298
6096
5197
-8266
6961
-9542
-7636
-6733
4096
-4667
1541
-6740
611
9851
-2087
4498
-1336
-1597
-3136
-3274
-5611
249
-5085
-23
6441
4755
5705
-4492
-4509
-1817
3971
-7333
-4189
3432
6356
-969
-5396
7482
-5480
-3974
2478
9611
7703
483
-4985
-9311
-1598
-2510
-3831
-9659
1077
-1530
5757
-2137
-9971
-3646
1588
-6818
2513
7894
703
-2052
8140
4723
-5212
-1104
-7308
-5473
2506
-2142
9191
-3890
-4851
-9456
166
-5413
-7379
-2583
-7924
210
7937
-3891
4050
-5834
7838
-936
-4823
-8869
-4393
6343
-7324
4963
1221
-6719
-1469
823
-7606
-9380
-4922
1740
-3328
9262
-985
2828
5603
6909
-2498
1015
-9172
-2437
1106
-1060
5118
-5754
150
-8161
448
7361
-2450
-6248
-8504
4071
2179
7816
-2994
9567
5488
-8804
8533
3089
-1090
-4698
-9372
-1159
-1958
-7013
5871
-2567
-4888
-3676
-2613
1396
-1528
5559
-6968
9752
8205
-9170
-4043
1270
7290
-6177
-9379
-5142
-4162
-6099
3601
-8706
7131
-3194
-6261
1514
-3854
-736
8256
1448
2967
-3468
-3079
173
-2010
4288
-2364
-1407
203
-7989
-1497
3116
-8896
-7737
4420
6452
5446
-6114
984
889
6160
-4683
-8996
-1340
-5107
6115
-6976
-5469
-6427
6688
5584
-1419
1496
-6166
-4008
1340
-9841
-205
-8333
8908
-6766
1275
4323
1386
6965
1242
813
-9196
1245
-5452
-6009
-7498
-8184
2711
-7566
-9129
6285
5647
-70
-5168
2340
-7680
4067
-393
9512
500
-577
3036
-4196
-5516
7825
3962
-7315
-1607
-5314
-135
-7567
-8112
-7237
-67
-2871
-3321
552
1364
-728
-6356
-4438
-7828
-6173
2297
1971
-7001
2990
-4808
-9926
-6698
3346
-2566
1926
-1247
-1962
-425
-3861
5558
6881
-659
-9840
-5118
-5749
5640
5687
-6681
8850
1419
2312
-139
1154
2529
3645
1816
1555
8455
-2303
-1461
527
3247
2732
-6715
5403
-3627
-7819
-7356
4435
-295
2628
33
-8072
5493
-9587
-3545
1018
2281
4585
-8918
-66
-4697
-5015
1607
-7649
26
7159
662
3379
-3421
-7703
-3350
9551
6210
-1548
-9620
-1464
-8579
5706
-4886
-2804
-8244
-5006
6002
-4556
5822
-6516
-2272
-6968
-8988
-7656
-7249
-7342
-4301
-9442
-6297
-9988
-6457
-5731
-9989
-3012
-2508
-207
-8547
8823
-2208
-935
-1949
-6225
7512
-4014
-9937
3087
-8535
1962
4419
-5076
-5200
-8619
3333
7820
-4514
9741
10028
4709
2344
-5013
-8189
2982
-7726
5892
-1795
8251
2082
-9822
-2273
6797
-6416
-6479
-8730
-6839
2112
-3888
4812
-7069
-3754
1475
8513
-8358
-7500
-9819
1028
-8003
-9533
4369
-3146
-8087
-7064
-9706
-7485
-3167
7191
229
-9408
-9287
-5932
7817
1541
8860
-1708
-975
-1781
-5852
690
10010
-7459
16
5299
-5504
-3949
-5051
-8277
-7866
-7739
2282
-2063
-5526
-252
-1417
-9125
108
-6578
-5634
384
906
-9872
9534
-4561
-7260
-379
-2780
7941
2101
-4084
66
-8192
8042
520
1690
1702
-5459
-5022
2175
-7026
-4344
-7830
6682
-9009
3424
2232
1937
-274
9261
-6835
7877
3459
-1335
9644
-7989
3113
-449
-5048
-1346
5467
-2576
1922
9658
-733
-3059
6276
-238
5288
-7286
-2224
-3572
52
-6865
-982
2902
-7855
-5827
-7429
-59
1018
-1249
-8601
6389
2168
-166
8609
-8071
-2794
-1377
-3226
-5539
-2109
-5573
539
-7423
-7940
-2490
-1173
-1797
-9967
-7331
-3563
-5773
-8308
5896
2459
-1760
-7074
327
-3463
9103
-8586
-1382
1472
-3947
6350
-2037
9334
1211
-6931
-3303
-7780
-7394
-5984
-7209
6142
-5710
4986
1388
-4251
5347
-567
-2050
-9276
-7364
-2441
-3637
-9866
-8310
-688
-4920
-2991
1146
-1590
5336
-246
7484
-5145
4388
-1329
1960
4119
-281
-7421
1012
-6039
4754
-2352
-1594
5369
-585
-9693
-1081
-4671
-5082
-5222
2032
2153
-9130
6615
4508
3361
2177
1706
1301
2132
-1122
1639
-6946
3386
2797
-4254
-5175
-3600
-2863
-7737
1398
-2573
37
-1088
-3386
-6429
-1296
2126
-6225
6883
2589
-2256
667
8137
-5152
-6044
-5424
-3285
-182
-2244
7914
3074
8262
-1788
-2664
1691
-5336
-5308
-1002
1761
-5331
-623
-9689
-9805
-4116
-9101
1347
-9682
2537
-8450
-3534
-500
7097
941
-1994
3573
-2766
975
-8127
-4901
-5546
159
-7562
7226
-3833
-517
-675
-1530
1454
4016
-8916
6882
-2762
-9720
1429
5266
5024
-7919
-1851
-466
-4502
-4880
837
8105
-9937
-2237
-6306
-3110
3235
4545
-6429
3354
-5373
-9343
-58
-6688
-5584
-6648
4682
2004
-5322
7232
-3203
1738
-6734
7893
5053
-8215
-5363
-7098
-8891
-5158
9009
7997
-5373
-8797
731
-8420
-8949
2016
-2842
7896
-9261
2766
4360
-6267
3171
-6809
3463
-8125
6359
-8211
-1394
27
-734
-3326
116
-2145
-4052
-4048
-4873
6449
7264
-6635
-7542
8465
-1695
-5285
-1807
-4269
1477
-7057
-5548
10048
-5495
-3493
-5202
609
847
-8651
-7600
-9766
9105
-3261
2425
-9734
163
2301
-3649
5135
-8858
-7224
-8651
-7553
-8311
-7609
-5057
1167
-6535
-9655
9165
2968
-8418
2031
4531
-9054
-4974
-8268
2508
-2385
-228
-9558
-543
-2700
-5504
-5318
-4792
-6418
7036
-5475
2138
-9912
-644
6688
-3589
6231
-1955
2141
1425
6639
-5567
2246
-9688
3345
-609
1603
-1987
-2907
-7945
-2625
-5994
3355
-7474
-6611
-3467
-9798
6573
-7240
-3515
7221
2748
-5047
-6385
-5504
-1295
-9072
-7259
2140
-1969
-1867
472
-8630
9429
-6981
-3511
4326
3269
4450
9422
-9619
-5062
-8612
3431
974
-7567
-9292
-8105
-7473
666
-5333
-9300
3432
-3862
5360
1188
6096
4435
-4210
-8981
-441
6395
9020
-7480
3276
1196
-5219
-3197
-1984
2328
-6107
-486
-5973
-7950
1138
-5126
-8976
-1405
8986
-4784
-9116
9438
-1555
-5045
-594
9359
-7185
-1433
-4249
1183
383
1815
-7127
8794
3419
-3524
5662
9813
-6201
-9186
-6073
3760
-6278
-7049
-7928
-8172
-7560
-2155
-8536
-1908
-3130
4904
-1759
7411
883
-8731
-8257
-7763
-9810
-1135
-6555
-1950
463
2814
-9152
-1035
8312
-9751
-4376
-685
420
8536
-1123
5765
455
8366
-5086
-3397
-3775
8976
4894
-1249
1578
8103
1057
-6432
-6878
-5684
4916
982
-2145
-6535
-7809
-6369
6236
-43
10021
-8611
-9352
2988
4049
-9034
-5991
-5768
-907
1957
3445
-7175
8741
-4000
-3258
7716
-1546
-5826
-9810
-6640
-3555
-8644
-4383
-3646
-2631
-621
1578
486
-8746
-1682
-877
1271
901
6426
-9392
-9929
-2687
-4472
-9321
-9641
-9226
-8175
-2456
-9935
565
-8560
-7314
-6499
4327
-1289
-6613
-1740
5681
-1151
-7396
2197
-9610
2523
5293
-749
-1641
-2873
-4905
-9830
9607
4779
-1194
-9114
8353
-6846
8325
2087
-7238
3042
-2031
-9838
-1277
-6060
-2798
-3776
-3068
-7614
-8552
8924
392
-6853
-4562
-5756
2575
-4408
533
218
-5279
-461
1439
-2413
1363
663
-4348
-8844
5593
3326
1091
3909
-1929
1419
5335
-541
-7624
-8658
9518
226
-2166
-9162
-4515
-7226
-1334
-6286
1554
213
-842
-5030
-3003
-7051
-9887
6728
-7745
-725
-8430
-3728
-9808
-7129
-8752
55
-7363
-1430
2257
-4183
5658
7802
-2959
-4047
-4324
5437
3601
-4517
2008
-961
-485
-3159
7969
-5158
781
5024
-8017
3377
7998
-5505
-6738
1440
-7065
-321
-6064
-5805
1327
1913
-4261
8803
-7051
-1228
5318
4241
-8740
9572
-8766
-994
-9790
-6485
-4873
-7286
-2259
-9485
3016
-4008
61
-4206
955
-6699
7328
-4128
-8241
-9926
-2429
-7936
-3641
7358
7325
4301
-379
9591
-6917
-1868
-3906
-5904
32
-9275
2968
-1465
-8753
-4927
-2784
7933
-5598
-2350
-3089
1306
-5646
-6964
-7992
-8538
-6484
2819
-8305
-3510
7567
-4541
-132
-6873
-5570
-455
2723
-6294
-230
2492
-9869
-1042
-3487
604
-8201
8849
-2598
-6127
-9284
-7602
-985
-7345
9086
-1318
3659
-6584
-964
-2567
529
-5413
-8632
-3179
2216
-7667
-295
-5926
-3512
9672
-7400
6675
-4
-6445
-2358
6852
2518
-6207
8269
-2514
-8560
-6088
-3665
-9518
-5412
-266
2653
-9228
-5387
1677
-9333
9992
-9606
9860
7924
-7583
5756
-8861
4042
1308
-6698
762
-6442
-8794
-9284
-8329
-3665
9406
-1518
-2196
-6272
-389
-8565
2862
9710
7762
-7317
-7616
-4624
8481
-3305
-2126
-874
-1248
-3074
9080
-7442
9852
6963
-4261
-984
9538
-6771
-3869
-1082
-9601
-6267
-7499
-5248
-346
-4398
-923
-2950
-6996
9735
-8960
-2988
-1653
-1542
-3900
-3668
4398
-8742
-1492
-8628
264
-935
-2749
-1252
415
-8081
1007
6000
-7423
422
8586
3780
10071
-9849
-2415
1702
-7870
-3538
8516
-9316
-9699
925
178
-2355
-1844
190
5771
1515
-5667
9829
-2410
-2038
7050
-91
1640
-1678
-4314
-8350
-2774
-3207
8245
-2246
7661
7230
-9611
3818
3873
-6511
-9893
-561
-8452
3935
-377
-2701
1882
-9024
-8362
-2352
5778
-1765
-6014
3041
-7191
4284
364
-1654
-4225
-2345
2628
-5712
663
-3668
-4841
-3344
21
-2531
2481
3021
-673
-2646
-1741
-1301
5801
150
-3791
-9538
-8463
-5358
-383
6494
4966
-4318
-3362
4469
10035
1228
-4366
1721
-6656
4904
-2474
-7295
8123
-2949
-6157
4352
-3309
4679
1988
989
86
-6833
-7901
-100
-2107
-5704
622
-5345
-7291
1209
9350
-9456
1675
-7835
8126
-438
2810
5281
-8210
-9130
-269
-556
-2416
-2820
-3040
9551
-6642
6786
-1809
2726
-2693
8257
-4597
-6167
-8227
-8177
-8229
-4313
-1658
-3906
2072
6542
-8403
-7160
6039
10073
-8227
-8825
3529
-7005
1832
520
-8085
-4803
1993
2634
-9395
-2940
-968
5796
-5464
7457
-5480
-99
2709
-147
3134
9707
881
-2478
5303
-1596
-8388
-5895
-1075
6782
2819
-6823
-8810
-427
-7643
-710
-39
888
1902
-2598
196
8727
-6966
8713
-2502
-3191
202
-8934
-401
-4062
-2325
-5071
-8966
-8487
-2410
7446
4558
9950
4729
497
-2535
4490
1240
7633
-7396
-3108
-4456
-951
-8484
-4018
-1672
-1788
-5811
4994
1435
836
2125
-8857
6493
-4731
-3903
-6407
-3177
-2006
4333
7296
9300
4320
-3054
-3799
-7602
79
4590
6746
2220
-9693
-3001
5443
-220
7623
-6293
-9167
1821
-6237
-3676
-6856
8406
794
-8116
-8493
1642
-1975
-7209
63
-8016
-6718
5455
-2935
35
1555
1095
339
-8126
7680
-3328
-4848
-6029
456
-4390
-589
-164
-9208
-5421
-8503
2407
-3159
-1265
4960
-2444
-9221
-9614
-1400
3575
-8257
-9090
1954
-1235
-4143
-6801
155
5920
3879
-9916
-2685
-4376
-9241
1323
-28
-8631
-1389
-7774
3155
-3642
2440
-3753
-7612
-7730
1913
-6554
-8669
-6659
3921
-7926
4512
-5617
350
2036
-4155
-4579
-9518
531
-8609
-2499
2931
-1987
-7843
1990
-9988
-7512
-2577
-3416
-3077
988
-7092
-4126
-5988
4429
-5824
2926
-4
733
-1245
-4471
-6791
-7203
-2878
-1486
-3314
4869
-9511
-1150
-9445
-3713
-7945
4760
-5664
-4466
2067
-4905
-3439
-6850
-7720
-9188
1891
3159
-4923
-7112
5054
-8720
-6679
316
-8680
-9910
7704
-5103
-2464
9907
-7130
-652
808
-4102
4614
1263
-729
-1659
6555
-7899
-9632
-5782
1351
-5326
-8668
9797
-2222
-2386
3896
-2215
610
2648
-7223
-1909
-24
9811
5435
6903
-6246
-9701
-4242
-3377
-417
2524
-1245
9499
1388
747
3023
5868
-2081
-3975
5084
7727
1826
6237
3980
-4750
639
4709
7768
1702
-39
-6585
291
2023
-7452
-8792
703
-4064
-2473
1339
-7669
8071
-9686
3176
-8985
-469
1584
1268
-4096
-652
-7298
2329
1451
-7665
-53
8408
6328
-999
-3955
-3255
2220
-1136
-8641
-371
-7227
1740
-4095
-3499
-231
147
-8586
627
-2790
277
-4960
801
-7475
5377
5388
-5230
-9827
8296
8850
1170
-5941
4711
-3089
555
8462
-1019
-1900
733
-7388
3678
75
-9163
4230
-2691
-2063
-555
6963
-5357
-2016
-5813
-4718
-1593
-5907
-744
4306
-3631
8087
-6056
5789
-1903
-5438
-2469
-2925
-1297
-3543
-9877
-6797
-146
-1199
2612
-1244
-4528
8484
570
-9264
-7600
-7210
-1744
-4375
7286
-8323
1356
7500
-3741
-5835
-8106
-5811
9462
4478
-2744
474
1074
-7866
2962
-4115
-6415
-3405
8339
-3497
4655
-5801
-9520
-8422
-1108
8937
-333
-5735
2554
-4263
-4490
8618
-4110
-2892
9346
-3018
9137
-2263
-5673
-473
-8539
-667
-8848
5183
285
2482
-3797
-7478
8514
3110
-3798
6948
-4478
-8993
2233
1885
5706
5958
-9823
-5447
-3753
-9695
-4052
-7720
-1444
-9234
-8852
-2122
8315
882
-6235
-3880
2229
-3069
-6713
-9163
-7143
-8256
-4677
-9199
-7401
1195
1096
-1481
-9036
2190
-5507
-6298
-9501
1380
-5101
-8294
-741
-6185
8670
-4763
-1795
-686
-6635
4405
-766
-6739
1879
-7885
-6423
-3344
-8602
-608
2657
-4345
455
-3678
-4660
884
-4123
-1667
-9208
1540
-8423
-9066
-6721
-5658
2305
6194
-9694
-8158
-7930
2360
8211
1289
-9721
3612
-9058
-6904
4964
1843
-4595
-2598
-8235
-5136
-950
-4932
-4010
-1436
-3814
2083
-5751
6238
-1579
-8594
9498
1372
1071
-3843
-8952
-3750
-7259
-8912
9407
305
9067
-7366
2250
8145
-8312
-469
1115
6451
-4900
-4632
6544
-7793
-9192
9864
-3983
-9010
-5426
-3227
-2105
-5187
-3634
494
8329
-5616
-1411
-4655
8992
-6657
752
4510
-7171
-7625
-948
-631
-2588
-9282
-6776
-7368
-1981
-8934
-5200
4163
-9562
-8231
-4461
643
-1116
-588
7727
-422
-5728
9873
-1717
7868
-9496
-9042
997
-9599
1110
1673
9932
8090
-548
-1476
-5765
-5848
2650
-4924
3573
1127
293
-9767
-7869
1933
2330
-5832
6919
4202
5101
-9710
-7546
4524
-8413
2227
-8305
4081
3022
-8439
-9419
-8006
3890
-1828
4609
-8500
8150
7721
-2099
-7618
7491
7132
-2809
-304
9480
7514
4706
-898
-1791
284
-7506
-4144
6873
-4799
8987
2950
-3511
-4079
-6937
-4423
1972
2847
180
8099
1597
237
-9385
-9130
9591
-9387
-3844
-668
-7530
-4007
-2425
-8421
-8716
-4619
2389
1199
-9386
-3601
-3616
-5651
6001
4271
-8394
3598
5805
396
-7284
2492
675
-1720
2220
-1435
-8194
-4202
-4714
-7312
4040
2237
-4908
-5549
-926
-1230
-8376
8577
6642
-9306
-7069
-6841
160
-375
-8861
-8087
1212
-3262
-9318
-148
-61
28
-7980
-6882
4145
8177
7011
6183
-1928
-6849
1925
-5070
1354
-1094
-1510
-7509
-3538
-2231
-7030
-4327
-4989
-2874
1872
4861
-9993
-3226
-3851
7137
829
-6173
-9064
2505
2343
-4842
-1021
-2927
-7976
-899
-2782
-7150
6595
859
-4760
-8635
-9578
-6214
-2653
284
-125
8333
-8680
-8053
5953
9667
9203
-4244
-7474
-9377
-5792
1533
-7796
-6789
7546
6989
7379
8692
-2335
4796
1183
-5532
-6607
3406
-5417
-7221
-3690
4319
293
1822
-1750
-5571
5096
-9002
-2119
-497
-1886
-7682
-9600
-9666
-2500
-8351
-2955
-2059
2849
1776
503
-6625
4819
-6132
-6346
318
-5347
4605
1107
1794
193
8574
-7352
2074
6274
-3489
-4998
-8763
1120
7072
-71
-834
7477
-1297
1230
-9703
-6844
-4273
-2309
-2078
6538
2860
10092
-8088
-9686
-7976
1359
-3773
8395
-1610
-6950
2135
1925
331
8139
1571
-6729
3796
-805
-3107
5122
2757
-8622
319
-6020
3823
9509
-3150
1135
6432
3249
-1173
-696
1680
6546
-2614
363
-5069
-3606
-1297
-8137
-648
5133
3188
6457
811
2534
673
8652
8172
-5225
-5213
-7480
-2512
-2720
8138
-5106
6764
-6595
6306
-9148
-2131
4324
-6200
1647
-5227
-7248
4093
-8296
2057
3411
-2951
2408
7465
5420
1020
-8623
8069
2526
-1732
-1593
-4088
3573
-6850
-322
-3899
1687
6519
2016
-4276
-8722
-5614
-2095
-2721
-7077
141
-9210
-1645
4254
1433
7358
-1732
-4402
-7943
-3994
-846
-5374
-8792
10090
5559
5640
-5731
3762
-9956
-329
-7712
-9363
-8970
7122
-4748
1037
889
-1029
-5580
-9203
-602
-4773
373
-1012
-143
-6122
-9017
-9514
8901
-4819
413
-8902
-7172
-8744
-2801
1271
-2898
8606
2279
-2668
-4726
9909
2483
8283
-7124
-4788
483
-2290
-3879
-7887
-3158
-6250
-2970
8249
1177
-2680
-9304
-29
-839
5501
-2948
5688
-377
3051
-3991
-1168
9182
-7921
-7983
-8345
-1077
-5903
191
-8925
-8883
-9587
-2365
-3381
-1284
9585
-2730
2120
-3171
1893
-4088
-4561
-7641
-6004
-5365
-6968
-3178
2086
-946
-8153
-4247
-8708
7535
8099
-5447
-4550
-7542
-3273
-147
730
7833
348
-1944
1306
1573
-7257
-9389
-1731
-3369
9630
-5703
5765
-5390
2053
-9918
-612
8854
-3682
-2435
5742
-8797
-5037
1128
-7419
-6940
-7384
-1582
-2569
-6591
-5809
-3590
-6702
-7547
-7909
165
-2055
1218
-3047
7587
501
-4285
-9238
-8296
1787
4627
-8686
-6368
-4541
-2654
-4201
-5606
-7224
8163
-2563
3759
-1799
2622
-8632
-9781
-7854
-4649
-3976
-1142
-2334
-4378
6187
-847
-1735
-8833
-6547
6917
-720
5252
7162
-1552
-5543
2760
-8817
-6314
-895
-6377
-7796
-9711
-4789
-8207
-9490
-2084
-6668
2405
-9643
-2991
-300
6468
-9729
-4647
-8811
-2642
2005
-730
-6692
-952
621
-5464
-2333
-7684
7190
-6299
-5851
-1160
456
-8422
-1186
2412
-3389
403
-1921
2624
7027
6429
-4118
-6857
6039
2948
638
5473
-8286
-1790
-1178
-7872
9569
-960
2298
-2315
-7201
-9935
-7382
-6499
9862
-5857
-2982
-9700
-767
-5099
7536
-4746
-2314
-3004
-7709
945
8266
282
-2445
-7781
-314
4367
3690
-8554
-1362
2863
-788
-8951
-1513
4759
2699
-4860
-1396
-5946
1148
-5686
6545
1093
2062
-9465
3985
4837
-7253
-4694
-1152
9936
9603
-7251
4543
-3083
-7786
902
-7237
-5094
8590
-3498
-9371
-1659
5934
-413
9023
2132
156
-4664
2620
-9828
-797
-3088
-6272
511
-5942
2741
-2383
-1743
-5978
7409
-996
-6570
9447
-3038
7579
-3099
-4014
2136
-3017
-1719
-9612
5383
-3686
2230
1957
9288
923
1704
-6474
-8003
-9167
6348
-144
-2200
5787
-4233
-3573
-6790
-594
-6741
229
5418
-3056
-7938
-2664
-2196
-2271
-7808
-3410
-4481
3848
4946
-2254
900
-7147
-7062
9581
-8818
-642
-8772
-5024
-5188
-1729
767
5675
-7767
-3419
-5033
7902
-3763
-2737
1532
4596
-64
-8652
-2946
-7907
-134
-8280
5503
6209
-4903
-4889
463
4801
1095
4244
7998
5632
682
-5584
1198
-2782
1069
8492
-7060
8723
2583
5493
-3904
326
-8687
605
-4414
2513
-9315
-3519
-5264
-6914
-6867
5481
-1927
-8449
-1202
47
2669
-6230
7211
5220
-4902
-8603
9350
6639
8746
6276
-4345
-974
-6234
-7244
2333
1855
9309
6491
-9037
7585
9257
-6267
-734
-6273
3712
-7105
8062
-6992
-5336
-8576
8534
-9450
-6061
381
-4581
4684
-3978
-7373
-9474
-9080
979
8719
-477
-8792
-7963
-3438
-7915
2521
9302
-2672
5777
5088
-8230
2470
5832
-2876
7127
-7823
-7232
8007
-8672
-6074
-6973
6134
6826
709
-7172
278
-1493
9700
-260
-1859
-2719
4426
8559
342
-4533
5186
-8708
1932
847
-515
1176
1509
-8323
-5203
-9886
3531
5532
-2532
-3863
-5388
-5223
-8482
-7277
-3836
-7015
9469
1476
-8957
6181
1918
-1802
871
-7960
6589
-8623
-9734
129
-9030
-1116
-7786
890
-7384
-6484
-6025
-6983
-5981
3563
-2977
-3213
1082
-413
-3333
-2122
-8510
-5224
-9705
-316
-3409
-6068
-7706
3597
-1514
-444
-72
-5981
8945
7730
6624
-9549
-1647
-122
-1852
3582
-4975
6850
1117
-6479
-4967
-1090
-7868
-9074
-1823
2699
-3917
1955
7693
-7472
-4233
8162
5617
-4100
646
9098
-2004
8789
-1779
-345
-1560
-8202
-1839
2555
8397
-6263
-3235
-7051
325
2997
-2464
6813
-5102
-1598
-9391
7956
2457
-7346
6740
-5510
8504
-8435
-2596
-5237
5565
582
-5981
9285
3407
-117
-5858
-341
-9799
-3571
661
-2417
-8338
-5627
2987
-7275
-4662
-3093
-7997
-7530
-4965
-4498
9790
-7777
736
-5100
-6744
6390
6865
3661
-5212
876
-6369
-755
-632
-8219
-265
3677
6074
7382
-9634
-5663
5876
8473
8704
1784
4084
-3582
-7131
-8867
-3107
-8504
-973
3355
1365
-6683
575
-5051
2052
-5583
-7458
7400
-4351
-338
-7009
-3911
-7815
-9330
-8772
5156
4647
-6719
483
9166
-5706
-3788
-1396
-4555
-7551
2275
1133
-8478
-8986
-6948
2150
-6346
-4890
-2166
-2489
3913
-6883
-3241
-2331
5451
9808
-5644
7365
8247
-3000
-9609
-3040
-6712
-1618
292
-4789
-706
674
-4214
-4327
-6216
-1638
-6815
-748
-8476
2216
-12
9277
-7257
-1611
-2891
-7039
-7031
-9654
-239
634
2265
9801
367
917
-1952
-456
-461
7600
-6207
919
-4313
-9943
8999
-4356
5202
-1617
-5291
-8313
2212
9400
4953
9080
-1720
2105
3414
-1649
-113
-5783
-8341
-8499
-9209
-109
-6391
822
-9789
-1243
-4175
-5615
-8065
-4123
-799
-1750
2146
6404
221
-1130
1189
2134
2312
-7158
1624
-8111
-3947
2059
-1940
6899
4908
-7502
-448
-3447
2259
-9483
-8992
454
-5068
615
-5988
-3095
-4996
-2406
-1677
6620
8229
-5846
3858
5978
-9764
-8781
9134
-745
165
9467
-1002
749
-2929
-9923
7451
-8220
-1654
-9115
-5772
3320
1977
8062
2496
9500
-7102
-8155
-999
1662
-8519
1313
-195
6413
-926
-7704
-7217
-8647
-7817
-4837
2584
-8332
-9309
-749
-3812
-2418
5551
-6074
-6802
2200
8936
3456
4681
8877
4084
-4559
-9640
-9071
-9179
297
4583
-9764
-8116
-8347
-8828
6405
1549
-5971
-6841
-8921
9004
9242
1540
-6907
-9238
5407
2816
4939
4435
5237
3476
-5097
-4069
-9796
-1683
2999
-3213
-1568
-8500
-1355
-6203
975
7469
784
3104
3760
1009
-5427
-5617
-1609
-6239
-5847
-5932
-6800
9129
-8126
-1069
-9369
-4750
3614
-2968
-3061
1842
1764
-9699
-3354
5384
1438
6556
-8754
-1597
-2163
8704
-2864
1679
-861
-2667
8653
-6612
1255
-9145
4307
774
-2351
6746
1251
7202
819
-165
942
-7405
2578
-7850
-8997
-1682
919
2500
449
8001
488
-172
9799
-8085
-3938
-6465
-8077
-6594
-2788
-105
-1150
-1060
3050
8225
-4279
5022
4518
-6494
5579
-6503
-8337
-9644
4042
-6635
4017
-8571
-9299
-1289
-9438
-3706
-732
5697
9759
-3828
-1658
-8094
-7431
8567
1036
-1182
126
8845
1044
-3548
-3381
-1
-5536
-5365
-9178
6819
-9765
-7884
9072
6331
-4112
6049
-9341
2008
-6726
2424
-4444
-4667
6343
-4693
-699
555
-2203
-6065
8870
2691
5089
-8810
8417
-5028
-7341
-6728
5285
9306
-5279
-9979
6238
4150
-9487
-9822
-8899
-2459
7292
-3760
-8689
5959
-5667
2445
-4717
7152
2035
5941
114
3345
-4578
2020
-9564
-5687
-4948
3604
-6472
2298
-2040
-9667
6897
650
-4204
6692
-4649
-3900
703
1166
-1427
-1848
-985
2008
-4776
1316
1361
222
-6407
863
-641
-3720
1438
-4827
-5255
-6331
5503
5826
9416
-8720
2719
-7493
2412
-5169
-8900
-4612
2113
-5866
-5741
-6467
803
-620
1402
-8757
-2760
-1572
-272
8684
-7327
-7005
-1305
-2802
-5852
-9950
593
-295
-4537
282
831
-6335
-3477
2018
1290
-4714
2517
-8152
2570
3992
-9552
-2558
1705
-7285
-4657
348
-6037
-5554
-4728
-1914
8032
-903
-6575
2160
8294
-3631
2223
8283
2979
-6763
-8755
8847
-1688
-1348
5103
7954
-2410
5619
1415
-9375
-527
-6719
8233
-6516
7443
8074
7327
-4711
-4905
-3395
1998
-1796
-3547
-3278
-393
-5765
9587
4772
-8345
-8886
5003
2999
4694
-7490
-1137
-9576
-6263
-8803
3643
3888
-1584
-3805
-7194
-407
9715
-8597
-3363
8873
6094
1779
-1737
8447
-6573
747
-5177
-6776
6414
7533
-5866
-4384
1173
-5608
-1512
-9049
-484
611
-9301
700
1296
-8533
-5881
-9158
-537
9381
127
-4488
-302
-4553
-6902
2639
-2649
-1785
8729
-2951
-9111
-2446
8285
-1563
-7460
8419
-9375
-1038
9089
-6932
1234
4957
3323
8342
1360
-7787
-8633
-4875
2433
5498
8872
9727
8388
839
2973
9374
-4051
2398
879
-8445
8580
-996
-6701
-7362
225
7590
-1611
-8181
-2856
1218
-1165
-7830
-8517
-2128
-9941
6788
-4984
7681
5626
-3700
9777
-5935
10062
-7330
-5965
1357
-5619
1479
-9912
-3889
7291
2446
9601
-181
-7976
-15
-5024
3511
-7206
-883
-3966
-1991
-8269
-3767
8426
-4210
2811
726
-9136
-4499
-2199
3503
-9446
8759
-9948
108
-9254
-2701
1518
-9766
-6173
7802
6405
-308
402
1651
3654
322
10080
7298
6296
7184
-664
-5827
-5885
4897
-3373
-2464
428
-4044
-202
-8511
-294
245
-7217
6790
2804
9422
9024
-9323
4234
-8580
-6645
3660
-8359
756
-5943
1006
2262
2251
-9242
110
-2129
-6084
3349
3767
-452
-2790
9235
-5236
-9199
-699
9536
7909
-9824
2315
4823
-1500
-7292
-977
-9235
156
162
221
-6593
808
-9407
1822
-6866
-6863
9444
-6220
8712
1374
8298
3771
6537
-2805
-2928
-2835
4770
4732
-4110
-1491
4728
705
-8834
-9958
811
-5499
-8804
-6224
5866
-4485
6926
1696
6795
-8699
-514
-5134
2363
416
9513
7860
-4416
5449
-5874
-3411
-943
1710
-9513
-8912
2701
4758
-1144
-2782
-282
574
4416
-6070
-9501
-9201
-1663
1672
-9922
-6253
-7801
5747
6776
3260
-1949
424
267
-3672
6770
7011
9497
9993
-6293
-6457
-6674
-1285
-6056
-2413
-4392
-2236
-6103
-9543
5777
-5443
9254
-3646
2182
1570
-2300
9425
7153
-4269
9177
-7953
-7416
6970
-7245
-2348
-1902
1576
-9466
-1303
3485
260
-6070
9391
-6540
-6306
-818
-197
4249
-7832
1951
4014
-1663
-6218
-2442
-2901
4498
-4182
-409
-461
-633
-3309
-2226
79
-8366
-9117
-1098
-3535
1005
8075
681
2558
9428
-5459
-4248
-386
-6934
-6087
-7410
-1709
7625
4088
-7514
2196
-4807
-3709
-6136
-6745
6932
-6518
-9613
-4257
-1007
-9399
1324
-8536
2250
-3417
7864
-1831
1428
-3141
-1230
571
6981
-3476
-3697
-4111
8015
-2043
3681
-9092
-7184
74
-3321
-7261
-6831
-8561
5525
-5911
-7920
2099
-1931
-4743
-4969
-1446
2748
7733
269
-1814
4985
-140
3604
-9058
-5286
6988
1779
-4704
8980
1179
-6998
-8678
-5883
7789
417
2009
-3560
2301
-3519
-9532
-5654
-1260
3485
-5494
-8282
3757
-1256
-7246
-9914
-112
-2029
2842
-8124
-5576
1265
2457
-1688
601
-5131
308
-6484
-3659
-7278
-3744
-9017
8641
-8738
-5127
5652
463
1041
-6268
5454
-1580
-9939
9339
4321
410
-7014
-7377
1933
-3360
3049
-4338
4322
-1095
-63
2082
-848
-9721
-9024
-6254
-6349
1252
-6271
6222
6383
-1891
-7632
-1119
9030
-4167
-5544
-7099
-9205
6983
9310
-2337
-4900
-7059
-2254
1465
-1433
6109
-3693
-3004
1307
-4428
-7560
-7156
-2829
-2938
5103
-3941
-542
-3384
-5630
1597
-7996
-6982
-1373
-455
-7304
-7194
4496
-670
5735
-2410
-8664
-8787
7281
2765
2400
-6201
1290
-1248
-606
-9714
-3914
-9150
-1741
-3376
4863
-903
-9605
2632
4614
-8306
2592
-491
2959
5297
-9291
543
-2960
9470
5190
-4414
-7642
1011
-7272
-311
-2342
-547
691
-3406
720
10069
7070
-5787
-9347
7055
-8598
-3120
-7795
-626
-6287
-7956
4198
9438
-9504
968
1176
-6486
-9869
-6847
-1678
-598
-7173
988
-9063
-7547
-2249
286
-7837
1237
1187
-4633
-4370
7332
-127
-7248
8502
-5441
-9558
-6279
9465
-9246
2261
-1790
-5306
8286
-7348
8766
-862
-6053
-8479
6917
9172
-4595
8264
1668
6666
2534
3980
1035
-1967
5070
-1081
-2481
-454
7990
-6048
712
-3670
-2173
-9221
1705
4091
-9057
-1346
5477
8957
-6860
7787
-5290
-3452
5213
-2416
-1324
8657
-6696
1445
2609
9653
-9391
2203
-2434
-6662
-8972
-8920
-437
3582
-5970
-8762
2601
540
2047
-2591
6605
9057
-2951
1950
5889
-6593
-2544
-1211
123
8695
-7330
-3197
-3694
-7889
-4818
-352
-9525
2664
2011
-8716
-8995
785
-1685
-2877
1998
-3466
-7618
-466
-1108
5603
864
-5646
-4024
9588
1291
8723
-3010
-8861
-4586
-8989
2577
5319
-2815
-1592
2612
3910
-8519
6975
-853
6251
-1856
8737
8081
-3981
-3612
-4570
7105
-143
7180
1959
-2242
-4809
-5821
5800
-5876
-3975
-4606
-880
1924
6448
2418
6732
3728
6717
-6404
-2596
-9067
1994
-6237
-8308
-4279
-6783
-6381
-352
2819
-679
-6269
6743
-1157
-80
-332
7608
-7230
2017
-9648
2190
-5630
-3397
1158
-3662
3899
-7835
7362
-376
-7857
5537
-2716
-3124
7840
-4457
-248
-2806
-5493
1788
-2677
-4617
277
1807
7285
-4133
-7307
3082
-9104
6122
-2134
9529
-6465
-3665
-8186
-8196
-7747
-5520
-8378
-4406
-5067
-1509
-6856
-453
5236
-6879
7103
5605
-2275
-6966
-8501
2339
8018
2623
445
-4001
-5289
4936
-1520
-1478
9689
451
-7719
373
-732
-2032
-1791
-5235
-7470
-4267
-5731
-5327
-3727
-8938
3265
-8366
2113
-4254
857
-8702
-5115
3796
1542
-4298
1667
-1045
6614
-4081
7767
-2157
9915
-4596
-1255
6861
951
-6427
1082
-6346
-3477
-3790
-9626
-9744
-8558
-5923
-9319
-4
5954
2474
-383
-5097
-5931
-8654
6894
-9311
6291
-4741
-818
5016
-2996
4328
-6505
-2089
2387
578
-8865
2059
-3790
9552
-3434
-5582
2070
-584
6449
6859
-2019
-5349
6117
-554
8746
7195
-675
-5943
-2792
-4795
-9866
-311
-8612
-5819
-1324
-7751
770
-7379
-6966
-4344
704
8116
-2858
-9069
-6111
-8067
-6033
780
3584
-2088
-9013
-5410
-5977
-8792
-3607
-6741
8288
-3492
-7314
9983
-4328
6403
-4919
-6706
-8111
-4010
-2228
7914
1898
1333
8343
8259
889
-5093
4249
2142
-7812
4149
7788
2755
2044
-18
-7967
-9019
-9465
-5166
-8485
2312
-9657
-6219
-1809
7233
-9175
9772
267
3901
-8233
-3336
1867
4645
2540
4664
2205
7424
